0.18984014509224334 -0.1214822192888718 -0.05403268244667044 -0.19906381925549152 0.805472215739525 -0.11090953371882761 -0.39682304570284577 -0.14800590746910125 -0.12623152160409443 -0.3551188483227894 0.09582504522415836
0.18996334703736795 -0.14595896072168124 -0.061854891257745376 -0.2177735880213833 0.159589852517055 -0.09484107721975286 -0.41208687176749825 -0.1448313636213646 -0.13643306672771188 -0.14057240142675248 -0.09020811239743878
0.12212534899773977 -0.4467766147106948 -0.01183060950417928 -0.33478192524988704 -0.5169373081179969 0.0008299835526745306 -0.46631610086216374 -0.009040555592986152 -0.18409718669246777 -0.2364022610493847 -0.7337830296182328
0.15386827956623209 -0.4279830649596019 0.011772191567731276 -0.16052783407471932 -0.5421987207941611 -0.08032731588808122 0.0410988480148038 -0.07642327349851553 -0.18516581085316025 -0.25664582075600206 -0.6675359950573043
0.12311442007136505 -0.6373354610673614 0.08685970100357238 -0.0213762788020298 -0.24734591585353982 -0.12229732434724433 0.17437286510423822 -0.12610680059149687 -0.191291297937443 -0.24761517317018022 -0.8423820600942132
-0.36254599780847924 -0.3421668321228174 0.1728647119943841 0.12190467498353488 -0.5371989804399512 0.25427622514160575 0.2512054394966614 0.044124328208914224 -0.18413879769193714 -0.13060572595246744 -0.5832782722575044
-0.10767569225741011 -0.24570768916257524 0.06192190051062891 0.05671764870244332 -0.4563563287869399 0.9141128645829099 0.0995343801812203 0.14379185219695592 -0.1516618459690431 -0.04501494746933354 -0.469016190324317
-0.4374574027684009 0.0432551497998903 0.10175385943703616 0.07888190488407452 -0.5128430749411406 0.3985681843965953 -0.0375874119004389 0.06332429470275866 0.45576754011294646 0.023439020781640476 -0.04101415909604869
-0.7591484285973172 0.3244714335145298 0.14157280324285798 0.09374052569973389 -0.5473743363003558 0.03507969029821774 -0.11673330122877759 0.05358419601034717 0.9721853641877544 0.08214146508934567 0.2584401885349349
-0.7246695472118995 0.2058590983014959 0.1513706687922547 0.09741727357683191 -0.5473751960817207 0.04270523999734588 -0.10949882487440066 0.05660955605048408 0.985667289474978 -0.2726039609995516 0.23019720001019076
0.1812264855338231 -0.29010890269192585 0.01622609210508305 -0.3369216994289519 0.8876629424018763 -0.12770008226724303 -0.6347561361806994 0.05152349501216015 -0.17462236850337462 -0.3209976433868564 -0.6746540694833856
0.18891293645609217 0.06648091703203579 -0.07401415663951126 -0.2589524921461266 0.7536318027421589 -0.11178262064343666 -0.287569922660028 -0.01483752189911446 -0.06328763216033 -0.2845612356257214 -0.48666206684652896
0.11879699651258788 -0.3501056416055448 -0.1107040065609426 -0.109053734359523 -0.15107078845746008 0.0512399918545976 -0.237301875551154 -0.12614888989343873 -0.15446538016792397 -0.29404089265684336 -0.6266919635962306
0.08208995053154242 -0.4500384011549696 0.0522300407255136 -0.13370821455486465 -0.49662504659675605 -0.16214091564342015 0.12647534349815676 0.26320519449627133 -0.19318508028455114 -0.24829405805518673 -0.7291791851678201
0.11631057241375539 -0.5628465441997773 -0.022923902191264854 -0.09279350620977536 -0.5325467955538962 -0.10377776585927202 0.17103260727425018 0.4887798183333498 -0.19569135406453703 0.42590283346407193 -0.5837585616486708
0.08359067962684096 -0.43187928413917803 -0.05568075033893534 0.07026934978112775 -0.5417734223938576 0.043049691911099974 0.2519588655458472 -0.03256799980314476 -0.18475728624710858 -0.08314847133264597 -0.39780466535716513
0.1649024382322347 -0.28699561431992665 -0.01753829041510271 -0.11427681718590099 -0.4685193024387066 0.5345212135370869 -0.0667713510744687 -0.11380243405491956 -0.15240521896934067 -0.3076911841971039 -0.31816227031051686
-0.14092025123603247 -0.04287657922831527 0.0845568262334873 0.1582349044627867 -0.5325936947748791 0.38301010096079435 0.05560119671015397 -0.036690221057895475 0.09964466309441644 0.19685860832273733 -0.023504889345827566
-0.32582778186365535 0.27796780982894953 -0.005771848819278613 0.014861891582139738 -0.5472558116136707 0.012516574648905572 -0.1253776362425337 -0.037791582655066394 0.9160273238708352 -0.04954665758032863 0.15473870613098217
-0.5177553921343575 0.284787621665734 -0.0393453602088113 0.06721275000241445 -0.5473488797174755 0.09790288014126936 -0.13352747759732014 0.055743172767778494 0.9556668092617324 -0.02420170195403974 0.38279195343526934
0.18484737578114718 -0.1941597720414942 0.02877932972484969 -0.34013794290786614 0.8939774333462019 -0.15768082558573546 -0.47956209418709683 0.43250100776605227 -0.1657220663885421 0.12834158345045418 -0.7885836286050328
0.18321853448170344 -0.19346360989945272 -0.061730154322012294 -0.2015027741557593 0.8522126780873378 -0.08881268748258712 -0.3411602530224873 -0.11262756463317378 -0.1507232366796757 0.2131711769237539 -0.1430303155580313
0.1396639782578364 -0.587139042623976 0.04680682448204468 -0.20299932637890844 0.47633325360557727 -0.12249892329868359 -0.11658932965202169 -0.12376334067058435 -0.1841047285913133 -0.27950455645001554 -0.8317933653604701
0.13976155357863282 -0.13461649447785126 -0.05633910851033193 -0.18212148466586198 -0.5357462666840849 -0.10145325861671586 0.060393260236406655 0.3589000004334133 -0.19248726569580976 -0.2687392452267744 -0.44603726080775874
0.13261692940454436 -0.4251645796006736 -0.015507863046609574 -0.1721954922400355 -0.5288192937975301 -0.06607280781476069 0.046922901281841435 -0.08217627586695375 -0.18261507178189462 0.3190236183374885 -0.6450196207558518
0.11517772595718713 -0.2024103246191232 -0.029808183376668424 -0.19659268202390184 -0.4985351837845606 0.011770160919096707 -0.2281569516723202 -0.0939896706561313 -0.14143638336802078 0.25628882951327814 -0.14910898674987946
0.16581473854877907 -0.1826322728438778 -0.022269560464713282 -0.025465492265464396 -0.5295263007171561 0.10406109408361386 0.07235251213854617 -0.08980999721782901 -0.12574215486738521 -0.2641149725581092 0.09594422949752467
0.1751125704813087 0.07056845030457777 -0.07512745960387768 0.061584395329559866 -0.44907152006718243 0.6849266610443341 -0.10317938849954619 -0.14781139476307975 0.12176441883940636 -0.031507394056087615 0.26811141926233967
0.11537239025755519 0.2598717679516904 0.00705848846892655 -0.05075070640803425 -0.5464186261310195 0.29821808060166777 0.17236954214678393 0.0024530583404602097 0.6116871394141177 -0.03389251020266992 -0.06581010219846137
0.09529995052825264 0.28476582520359356 -0.14275852201517125 -0.07720225418268281 -0.5473749958364995 -0.07586418227415136 -0.2297306710802862 -0.12055174575787007 0.9724046507946125 0.027445941428983787 0.2901657256113596
0.1593828113062195 -0.42575711875267014 0.015534259723886659 -0.26830759214648875 0.8415273616855816 -0.11378693734174065 -0.32368491908468877 -0.06755018647127212 -0.18609197994746246 -0.09611859497598305 -0.8161852066796295
0.11838191693928082 -0.499001064873045 0.6298769825588864 -0.1284820965938799 0.7561835730781216 -0.10825314759735721 -0.04851531327092543 -0.1471802435728304 -0.1825400656257217 -0.17604512630091634 -0.784970226045118
0.1629876998383342 -0.31213248885056427 0.1689178055047873 -0.08743240774390891 0.7432048591770768 -0.12576206662384287 -0.003040381066879717 -0.10160265096816007 -0.16630504339046953 -0.27687700558328154 -0.4351149136903187
0.14145410785679835 -0.18480327258107054 -0.024866732845322485 -0.1932659441780869 -0.00017481795314371626 0.0616864191317747 0.0025929701538596056 0.04599422655874763 -0.17259866412180833 -0.3323884400485729 -0.4058306594762863
0.17543076784607967 0.041166230145717554 -0.008204349712897378 -0.14509915644652577 -0.508991560269008 -0.07784976277398051 0.11565279966772422 -0.0729091487714439 -0.14565156944601926 -0.16843250317525577 -0.5222494311186938
0.08484443873207359 -0.016423358327173513 -0.04970034511214321 -0.1660486260879952 -0.541174452807046 -0.048637829197333116 0.10412656032995371 -0.02078480958473517 -0.14909217874983213 -0.2772427755748423 -0.1881622842724108
0.14331451565604564 0.06885131838353188 -0.02253491776920059 -0.18557609528385777 -0.5294390344849335 -0.12857769246471143 0.06607688762206072 -0.1061094567155323 -0.1381067634474249 -0.13720118285474783 -0.03132009418183385
0.18271289914227729 -0.28970198747759257 -0.053949985911162936 -0.03622702620280871 -0.3571186574697817 0.054917027561644974 -0.2680873954883769 -0.14757298409922473 -0.1682716637557333 -0.14332577196748894 0.25179947163399646
0.16345175071652418 0.30119277240778414 -0.0922509692531568 -0.05208791057982812 -0.5389109715826423 -0.044445911511097905 -0.07553233305334087 -0.10244756352301487 0.1802451909618634 -0.3306840316179536 0.3761806111573071
0.12295306133644232 0.3100644555976427 -0.0708372258484973 0.05709913628630324 -0.5219885269278693 -0.07562593809493638 0.07330994148824752 -0.03596796516102322 0.3024811999172947 0.12439622098856923 0.4716467397277555
0.16735806209454632 -0.8909706428501588 0.25064622631596284 -0.2941470872030191 0.6974941553635382 0.248652383061015 -0.4276182697316685 -0.0033048394000590505 -0.20566417601763767 -0.6153480158284342 -0.9350519105516673
0.006021935410100826 -0.6691654497756604 0.003724699749861916 -0.10128248897584609 0.8791728875260979 0.04191356796760777 0.004692419448839559 -0.11023781791756215 -0.1820463545811988 0.07623965909323473 -0.8541162926026323
0.12843135271379685 -0.32533552916731945 -0.03147918031468546 0.013756853371862585 0.7717192809700645 0.35603476779340676 0.1497653438081783 -0.09734674824120995 -0.14824584710590982 -0.29889386648363636 -0.34342919524574006
0.17801788078697164 0.027376873463982113 -0.019240969763057055 -0.10781402604496096 0.40002514578060283 -0.07518934807280901 0.13545093497411728 -0.0020527394252324183 -0.16405996839242135 -0.21314565297155647 -0.2341343045257084
0.1790257487407283 0.136601508197371 -0.003148268619298296 -0.32410607556508486 -0.25502173196233024 -0.09148967507596618 -0.21467138499519303 -0.03365165764169109 -0.1566191875464019 -0.17496109113439678 -0.1524710762787296
0.12388585159183196 0.3077732566300345 -0.020303453417209218 -0.16021363927016105 -0.42630808574578244 -0.1490158654001423 0.11074784177721743 0.06169760192648964 -0.16730252108891183 -0.21536240071055196 -0.16532526880887274
0.10616599505578223 0.3445721147728957 -0.026121571670436446 -0.12938821445664536 -0.5259141841232386 0.0746978394004753 0.10565930671302899 -0.049510121802950786 -0.13624641661099102 0.0037645778761744367 0.029404939586304808
0.1241974037490418 0.2631727875351042 -0.07217626514868729 -0.17410100979712764 -0.5326488643404508 -0.1192569181249702 -0.13549914045715067 -0.04134418891802188 -0.08703144636895106 0.1993420334067319 0.11131638250249148
0.1585599775261058 0.237070653037381 -0.0717705763875904 -0.12739574421562572 -0.517847850014208 -0.13503087597256477 -0.019128231682189717 -0.10085475935075662 -0.12784098235462066 -0.2620060206298601 0.2948185905923801
0.1204069565501488 0.40950125416557814 -0.035700682552455315 0.2078534353056225 -0.4952518502270318 0.007171564232605898 0.261797120688695 -0.10015198503843503 -0.13847790254710626 -0.03605816315234878 0.6185319740936184
-0.5857786645486398 -0.5835480767045036 -0.18885529760432324 0.7945152651769107 0.7254329454610924 0.47841571591430365 -0.3814090713128653 -0.02628725568058323 0.05790963454779381 -0.2838558855519202 -0.979191453015885
0.027081449436901113 -0.43243170409586384 0.03691195696502468 0.0963731511853356 0.6951033268404984 -0.055321497078498746 0.15215379817778069 0.22349052150068444 -0.1830658127000335 -0.21052789752125695 -0.5345403267470851
-0.17385398415196035 -0.010002005098995091 0.5657867536822018 0.21407660067918818 0.7807499460827508 -0.06526021535117735 0.17967745279248135 0.036051992928070216 -0.1643125699743847 0.035374835885242054 -0.4088584899733875
0.0831436261607514 -0.11131636634115934 0.0279889932604806 0.020365882029030256 0.6552997784562065 0.059932447614295184 0.03285305893741616 0.0023715706280130542 -0.17320202336900145 -0.18504141237831995 -0.13758154606195863
0.1666763643534207 0.33278128813285873 -0.04495599515601042 -0.10869589154107147 0.19415516408734732 -0.07634072816021029 0.005210278611757574 -0.060027647729617516 -0.05020585737793887 -0.13788060975182054 0.40562629261182714
0.13686894666762667 0.17392422341191685 -0.036789489647510894 -0.033647086582686045 -0.13445359084829397 -0.02771669736708469 0.14594235059968744 -0.06831638664111453 -0.1592299639942338 -0.08044418250523076 -0.022566635600966847
0.11089613891025861 0.05208694914135115 -0.023098641866449176 -0.026031538804812626 -0.529364333715169 -0.09829858902157709 0.21638573707497633 0.02951626432907884 -0.17198687452457168 0.18702586348743652 -0.12289270395698564
0.1510367520953273 0.06507555232472159 -0.03873558589657134 -0.027761036408947445 -0.5196401447708636 -0.09194321725067903 -0.018760352610937083 -0.1138053210202074 -0.13794061905528088 0.05842197248597443 0.2717749811582694
0.14175406632106294 0.38857814482810876 -0.029553977007929687 0.10167411530501543 -0.3991262390835036 -0.16541078872246825 0.2414077402387941 -0.03588568207307991 -0.15871879240397263 -0.11237995982849985 0.4137702733329224
0.12476092313561969 0.2625227752171046 -0.07810085126973668 0.2190056499068796 -0.5285529461562691 -0.11322937045246434 0.3199431389305034 -0.008235624391315022 -0.13208292172915057 -0.24315958890350786 0.5015816152927923
-0.234567545642732 -0.15266687588853206 -0.06718577080510053 0.7451396717618276 0.6714249991124354 0.4449961102824411 0.14682366036256964 0.022481072317773257 0.25365421355590073 0.3991586759677611 -0.38377937720392896
-0.13853921267109198 -0.2400748168947958 0.10971104225169839 0.24555110649556974 0.5295505545072706 0.4666687222906051 0.08097665092410959 -0.035596777416883114 -0.120541220410218 0.4131593980203308 -0.44553320766631577
-0.47166812248381706 -0.2125732876884776 0.14136073678996464 0.25586238021453284 0.4384556647049108 -0.0061140964251717965 0.10776896705193643 0.02983389974120816 -0.17294861890443766 0.3600560984687738 -0.2152711811968917
-0.0005341208451966261 -0.21942851985513637 -0.0023544345851076397 -0.005309869610623229 0.4297310836845682 -0.06767986904232877 0.15350588001386428 -0.02132884551218902 -0.16990069511893532 0.21949489576598594 -0.1632838267182808
0.12225984657750703 0.21021311717024072 -0.029307268100137344 -0.03325041075929988 0.1688442181427275 -0.13746423101322144 0.1101209460902438 0.009973925661180737 -0.1467692926963251 0.1245258580960256 0.028904932902649387
0.05630818363212987 -0.030805422123331795 0.03269720257179981 0.05649523726531942 -0.1661851775537466 -0.055123484412371686 0.2104495418180336 0.21512211892900004 -0.1572739088898179 0.27469309230341366 -0.15714855114024534
-0.11433006814538718 -0.2071793114896788 -0.012508252281856175 0.25471009468186506 -0.4344920572022954 -0.09222787592992866 0.35301056470009357 0.24036095881900846 -0.18087967683817405 0.012647015728864067 -0.09399595937123777
0.09997778007346003 0.2504170092532936 -0.015446392099860474 -0.0816928012940105 -0.5250692858210615 -0.04138761027473559 0.22099499866421887 0.36670637303964404 -0.16605276828493556 0.13904951862321224 0.04736299012024053
-0.009385146856338242 0.31973409360401095 -0.057079831632132275 0.08025433034760371 -0.5080104037626122 0.08229045686877126 0.24276783985382516 0.322673273407632 -0.16174524604214055 -0.17813897202219814 0.4541075982346876
-0.03404485876255198 0.3205140645335709 -0.03216972522557816 0.10732838690022323 0.010933857909968082 -0.1329821384351667 0.24123987659943866 0.09934709189663884 -0.15976396980059276 -0.07985047278549992 0.5662689321663069
0.012878953065101725 -0.00669387740709379 0.18635886504684418 0.3933514650573854 0.773616527452878 0.8094372743141887 0.17141062644295194 0.013763945762305017 -0.12176689153681337 0.23543535616991154 -0.059266466961549545
-0.42806065156748824 0.09673845100808014 -0.02299481308064229 0.4077761255385203 0.7087578276135619 0.23268629552525188 0.05027968432899034 0.02328886387460452 -0.13084965938676008 0.0802293587129605 0.006466256736667111
-0.014621182569953557 -0.13387522699110888 -0.005452768641083523 0.2705982117003778 0.8798257578474694 0.026414537870707366 0.27686611867880806 -0.12441325779502743 -0.16110441960545488 0.10081450907106645 0.03460779102546372
0.005356789362223672 -0.15568972002807996 -0.040511510724139735 0.1399633504562764 0.7303997316408501 -0.12853885030065165 0.08979808711335191 0.1414614244134345 -0.1876224254184121 0.4653679694171714 -0.12823051987782375
0.18353235221811556 0.07614993558030687 -0.02897555092596504 -0.05945575945481131 0.26869639276051793 0.026497125938094467 0.20578973543952303 -0.023855731557501807 -0.0790265783934915 0.48820954123919713 0.03498350863786763
0.1236513673532262 -0.09605173419550513 -0.028867224228663557 0.031477832544508 -0.43056689344243687 -0.07623547193091258 0.08889832299623388 -0.055363475871769124 -0.1267780633002084 0.6225131285448745 0.2807543678048817
0.17343956161367227 0.2398235057212574 -0.030473224578830255 0.05995996349493185 -0.41206528542519694 -0.1233670848072082 0.3030751407022534 0.00021130096864966914 -0.1456587342924692 0.4522587127135149 0.271161468622404
0.12112769661362918 0.35110569485019205 -0.030645816538385426 0.09047071567572373 -0.5155851259850941 0.12534620596778287 0.2161595537193529 0.23899185246631433 -0.16913759534995199 0.31907506854690676 0.5042417703081237
-0.058007381734261496 0.12790454065810744 -0.05796302622973938 0.20881964749517934 -0.532262237908452 -0.06343517061262913 0.14194748390991765 0.09136289505318151 -0.12145554641429042 -0.009936011698121793 0.40824421457659116
-0.09911415976381246 0.1595051991167772 -0.04680716530422005 0.5494220978052121 -0.4971234369848459 -0.058228675802904216 0.38823740638756615 0.23766951480743054 -0.1639413266333108 -0.013209060914818509 0.34249274029277954
0.1329246394389197 0.13415890356347718 -0.04325332103801794 0.08580729690556158 0.7223660752636337 0.5480511454496225 0.05686293577729329 -0.01728696914676501 -0.10708555245862311 -0.07004984359187204 0.3167505043018193
0.08272954404265317 0.1788018736844937 -0.0017663867618699118 0.34983743490985486 0.7637077479417727 0.12379163647810043 0.22570828338139642 0.08599235401925485 -0.18101007145347017 0.18457276180606222 0.22923735757533337
0.15349778062912242 0.28820711784947284 -0.01652835968786661 -0.12532367610918022 0.8150581994843383 -0.11986505561949211 0.061151019554408555 -0.04486086785773859 -0.1701768689335003 0.003935131190279951 -0.039710167217015716
0.13150460051488688 0.004517714622658893 -0.02289833909404828 -0.007008931909324707 0.8924546566946605 -0.025952044259424795 0.05357120581811379 0.298375211921738 -0.15426336907582697 0.39181766879795343 0.2525244828095848
0.11194224061778936 0.021919284964845923 -0.03443412075528531 0.2572163085049196 0.7895701474444432 -0.09131944052148942 0.3778001939700995 0.05514697793792307 -0.16353559999537648 0.6681081102684884 0.3724462250840185
0.16108020412610485 0.007396976387648559 -0.0323483873061997 -0.05188066573153964 -0.04844307271597035 -0.06620704932825998 0.08267766264864848 -0.0001153509408352519 -0.06535705386241916 0.5922311881279755 0.3370899852942804
0.15809485522818567 0.048511436144258444 -0.03629086717709419 0.16867077348269677 -0.23201261504816345 0.28351487200382974 0.28626973633876546 -0.024938717193326174 0.043350304194511614 0.5967458891272934 0.5061030259365694
-0.15999919615353403 0.01331543074727488 -0.060396820011017815 0.21217460671416027 -0.5465029875750415 0.2504667530793081 0.21348541527939255 0.22136329716489808 -0.1261258186508046 0.20486164429133427 0.4201245384336224
-0.311330579947033 0.16789864279790323 -0.04992542733287322 0.44986695473827565 -0.5411967490242151 0.012380054964148063 0.23062523072981614 0.04848620316453992 -0.1858834324220989 0.010702045118725554 0.5203270544893188
-0.5323234642683318 0.18905396933055027 0.0012187795628427621 0.22346255566120016 -0.5471218157928092 -0.11153083326381977 0.2211947517719165 0.09383666152667328 -0.17707625169303146 -0.17626752857262926 0.11711418922307862
0.10128886854861538 0.4221072891489443 -0.029503969601473924 0.22056258773206838 0.7718801458493716 -0.13429235853016647 0.26766083137440144 0.019628715663169014 -0.17528828781327754 0.016102389832978386 0.5039624520506975
0.12026765641696364 0.17031226096445573 -0.04668466099777248 -0.046442029951949536 0.6913995530839167 -0.11709519327337102 -0.0567415449654327 -0.042364644052917955 -0.1712617597955417 -0.07357968709462001 0.47282762568828524
0.1906969966299448 -0.05197324424720269 -0.05725147674663465 -0.16588494739188697 0.8664210138938919 -0.08474856718016138 -0.3481122138146808 -0.14800588664005424 -0.08297665969640128 0.09818348157960481 0.3041795246372286
0.15056290072689427 0.15109454493933425 -0.03414999696220103 -0.15800788192092277 0.8181133232185529 -0.10675114500528068 -0.06929626814779184 -0.07183512761480347 -0.04530184985143696 0.5076169393580602 0.16348189804526758
0.12914874955596342 0.1255435270655289 -0.03667000265459516 0.001086281238218554 0.7778791104238507 -0.1520843302483471 0.10519695470914775 0.04314149788844111 -0.07774406365105796 0.64247611468394 0.5852783453702924
0.02266947558243863 0.0398002950129251 -0.021261660161097408 0.0876699040844977 0.21339689466521505 -0.11978447676695639 0.19562949861342321 -0.020920784966797324 -0.0005261679646533443 0.7155782084497481 0.6003694718430681
0.09225764912685364 0.05101947382839125 -0.028769251783455182 0.00464976166589788 -0.5096325163977535 -0.08793910667326377 0.1884352171809895 0.40699269936169696 -0.1533067997326541 0.5606719610530847 0.5140757828031952
-0.41757155996017853 -0.08381811579675032 -0.05438851125353881 0.32246582917722183 -0.5396872592777159 -0.043809734573539566 0.23044175629288052 0.09050037942489644 -0.10161679302841506 0.5116618708872819 0.3399890159430571
-0.7970880231309347 0.006801110858583667 0.013988174106309344 0.5068034503968996 -0.48617043681199434 0.2277989807820136 0.27492954773691675 0.2527529450730309 -0.15738208628914013 0.235493141363449 0.4805028199916007
-0.5236179126018258 0.03036611164868139 -0.03645592794915731 0.5236358976998832 -0.5455543143071214 -0.06946498601925329 0.32160445498680607 0.3261435243626579 -0.14978923021187315 -0.10213153876441934 0.30812560922679383
