4.883593450074631e-11 0.9999999999509634 4.883594234595898e-11 0.5000000000000239 4.9852180597022324e-11 4.9852180597022324e-11 0.9999999999501478 0.5000075824032384 4.9880765632459675e-11 4.9852180597022324e-11 0.9999999999515726 2.314801222660586e-06 4.9450179373797013e-11 0.9999999999510637 0.9999999999509634 0.9999996503901664 0.9999999999515777 4.945017545119436e-11 0.9999931401683456 0.9999931401683456 6.859831833459598e-06 0.9999931401682561 6.859831833459598e-06 0.9999669627468579 0.4999999999997972 0.5000000000002923 0.9813924495434827 1.3176073453205502e-10 0.5000000000000895 1.3156768612389657e-10 0.9999999998685218
8.124053229160871e-06 0.999999469082662 8.124089050193877e-06 0.5000000149831607 2.19412383221274e-05 2.19412383221274e-05 0.9999780688254022 0.616860427630187 2.1945810342578738e-05 2.19412383221274e-05 0.9999995529816387 0.000334127004404398 8.206847191752851e-06 0.9999959508693197 0.999999469082662 0.8395501435429726 0.9999995540454869 8.20901605622678e-06 0.9984162766029728 0.9984162766212789 0.001591377798548576 0.9984124494113645 0.0015913777985497092 0.530628687722478 0.5000037902164239 0.5000000394817242 0.9970544599602247 8.462003757192582e-06 0.500003824053613 8.436458983227164e-06 0.999995393239101
0.05017704061565017 0.9999970925486423 0.05017704067469373 0.5000227880734476 0.07642609037969313 0.07642609037969313 0.9235966822305163 0.5052585755457075 0.07642610477583406 0.07642609037969313 0.9999973782740066 0.051611280124931914 0.05017610534494836 0.9749603330813362 0.9999970925486423 0.9990954868455565 0.9999973750196448 0.05017732966391891 0.6862056696512324 0.6862056696818211 0.3590077229834467 0.6635989724232383 0.35900772373686585 0.6625965702667967 0.5226264775790659 0.5000001358322568 0.896875770764907 0.04771839135317536 0.522626594335591 0.04771830015831067 0.9749083124995368
0.45426879637449097 0.9998025574098107 0.4542687959379255 0.5527606937265845 0.3286157636729862 0.3286157636729862 0.7605954103169147 0.6136826765026147 0.3286159408606964 0.3286157636729862 0.9998114436572043 0.45427255821888624 0.4541889055598057 0.7768276949009534 0.9998025574098107 0.9768052992937558 0.9998114712389422 0.45427771545524775 0.9052703482616272 0.9052703482617288 0.5025925858230746 0.7013388805310787 0.5025925865627551 0.7266610209621729 0.6543463195352377 0.5000043735771 0.8968082920010412 0.381713364924918 0.6543504437540697 0.38170968845728814 0.7726410591137854
0.9627864620633177 0.9996154572514805 0.9627864607065855 0.5245358196939459 0.5174845653884249 0.5174845653884249 0.5166403108425291 0.5341398720973041 0.5174863197041787 0.5174845653884249 0.9996336483031413 0.9627864620633882 0.9600307122289483 0.5623647105260735 0.9996154572514805 0.9996337503159337 0.9996138234057547 0.9628047551281685 0.9684986527393695 0.9684796404718325 0.9666046191813189 0.5009378144828811 0.9666046214795087 0.9679248067456582 0.9468104877377447 0.5000080896357213 0.9570955804452742 0.9280405747576184 0.9467697595497053 0.9280399149086586 0.5187794074387045
0.998768826760416 0.9998782085443598 0.9989191108440213 0.8164212390901351 0.9488236834252342 0.9488236834252342 0.5000000215593097 0.9488237209042569 0.9488236852876277 0.9488236834252342 0.9998782278561033 0.9989191108454617 0.9981548296624829 0.500925681477277 0.9998782085443598 0.9998782279644006 0.9998782068098581 0.9989191302655028 0.9961563202645933 0.9960844196690452 0.9959127298969614 0.5001217854145962 0.9959127298994013 0.9961563044638646 0.9570987084137644 0.500000008588012 0.9577000269749869 0.9564973990304799 0.956507321783828 0.9564973983299799 0.500601319462666
0.9999982476157586 0.9999992157787481 0.9999992156136407 0.9298708647353819 0.9492418953617533 0.9492418953617533 0.5006004907507386 0.9492418953616949 0.9492418953617533 0.9492418953617533 0.9999992157787481 0.9999992157787481 0.9997127772256839 0.5001372747293236 0.9999992157787481 0.9999992157787481 0.9999992139767778 0.9999992157787481 0.9982626181099808 0.9982621515060922 0.9982610496833242 0.5000007841880962 0.9982610496833922 0.9982626181099808 0.9642166992737514 0.5500003750876873 0.9642174834870457 0.9642159150604571 0.963984779032199 0.9642159150604571 0.5000060090034084
0.9999999976624645 0.9999999999999998 0.9999990446724019 0.9986931061121601 0.9999999995156147 0.9999999995156147 0.5000014595889868 0.9999999995156147 0.9999999995156147 0.9999999995156147 0.9999999999999998 0.9999999999999998 0.999999955001261 0.5027323998298378 0.9999999999999998 0.9999999999999998 0.9999999999999754 0.9999999999999998 0.9999999996862219 0.99999999967996 0.9999999996862219 0.49999999999999956 0.9999999996862219 0.9999999996862219 0.995372352034578 0.5063474972968093 0.995372352034578 0.995372352034578 0.9953722988938208 0.995372352034578 0.6000001046108421
0.9999999474282351 0.9999999999999998 0.999973009850978 0.9999999999999415 0.9999999999999998 0.9999999999999998 0.5001318665753524 0.9999999999999998 0.9999999999999998 0.9999999999999998 0.9999999999999998 0.9999999999999998 0.9999987287158407 0.5032501501323785 0.9999999999999998 0.9999999999999998 0.9999999999999944 0.9999999999999998 0.9999999923954593 0.9999999923099191 0.9999999923954593 0.4999999999999999 0.9999999923954593 0.9999999923954593 0.9999908528534549 0.6309936391815809 0.9999908528534549 0.9999908528534549 0.9999901021807862 0.9999908528534549 0.5000029549955556
0.8999999997608217 0.9999999999999998 0.9999937179328429 0.9999999999999994 0.9999999999999998 0.9999999999999998 0.5000047882163186 0.9999999999999998 0.9999999999999998 0.9999999999999998 0.9999999999999998 0.9999999999999998 0.9999999999999998 0.5010770300531158 0.9999999999999998 0.9999999999999998 0.9999999999999998 0.9999999999999998 0.9999999999999998 0.9999999999999337 0.9999999999999998 0.4999999999999999 0.9999999999999998 0.9999999999999998 0.9999999997019968 0.5011258999068959 0.9999999997019968 0.9999999997019968 0.9999999962024266 0.9999999997019968 0.500000081486264
2.952300236902555e-05 0.9989225009693865 3.0426535199942337e-05 0.5000561721453811 2.976603242378426e-05 2.9766032423784234e-05 0.9999702339675761 0.6926775226936744 2.9994645292463186e-05 2.976603242378426e-05 0.9998920704632541 0.003920020441249736 0.0010776063393594761 0.9994464888659065 0.9989225009764369 0.996951713929181 0.9999705842511011 0.0010776062840835566 0.984201774152609 0.9842017742183102 0.015798277393806223 0.9842017484122523 0.015798277397379025 0.9363046817046825 0.4996228750581456 0.5003771507651871 0.9725909660164411 0.001136901490192048 0.5000000257881718 0.0007626640191120991 0.9992373617725848
0.04196135659734515 0.9573245504318167 0.04196167554462658 0.5000406943637665 0.04229352748004302 0.04229352748004302 0.957706477759243 0.5140336171776511 0.042293598745183146 0.04229352748004302 0.9580923694224781 0.14633812761163362 0.04278712450936863 0.9576835961066676 0.9573245504319963 0.9554007490506243 0.9581503194666429 0.04278712563217112 0.9820676252833044 0.9820676252885118 0.018044035783049084 0.9820117947527314 0.018044035783181266 0.9299481188257712 0.4997638264596468 0.5002920048155145 0.9697483788338859 0.0010120066985553973 0.5000558289530329 0.000721403107240388 0.9993344299923899
0.16579924505807347 0.9486611347413628 0.16579934639619173 0.5000463176218035 0.10863726409580382 0.10863726409580382 0.89138973434459 0.5134131363916384 0.10863728651359685 0.10863726409580382 0.9490640722744144 0.16978757048572607 0.16623168950228986 0.8915426556144782 0.9486611347413769 0.9470657616255906 0.9490941509634279 0.16623226142740533 0.975469056688157 0.975469056688686 0.129041932731439 0.9232135619578876 0.1290419327483218 0.9216134774788839 0.5512159995057434 0.5001512757803329 0.959905345014862 0.11019858453892013 0.5513672746981851 0.11096015390746035 0.9413195222462833
0.4839162285237383 0.8990367051567703 0.4839186190468252 0.5559151632649366 0.37918760928782763 0.37918760928782763 0.7090770046528656 0.6082175406485528 0.37918807450508407 0.37918760928782763 0.9085410766190083 0.48391628482216165 0.4941166658136495 0.7101954759101929 0.8990367051567703 0.8942215029662459 0.9092506291671624 0.49413015256796244 0.9143222168738069 0.9143222168738072 0.4524405873075208 0.7309408147787093 0.452440587312286 0.7648426576426726 0.6291033476850068 0.5035680641806353 0.8831769951466257 0.3553224165957166 0.6326714095180437 0.3585190692728037 0.7809066039852861
0.7108063657961258 0.8673654491047125 0.711513329279554 0.619066440046293 0.5793712174916789 0.5793712174916789 0.5761781005804705 0.6559372506961927 0.5793750263590811 0.5793712174916789 0.8772846418943787 0.7108063657961727 0.7094169062484839 0.5848769134746254 0.8673654491047132 0.8772847872103041 0.8772374284169648 0.7207257039019983 0.866839985311797 0.8667945960795493 0.6785113511955291 0.5941422841558899 0.6785113538472577 0.8570374289109134 0.6749079669567825 0.501692174925625 0.8081563178919391 0.5110268594089513 0.6764434800548867 0.5219872501417288 0.6660548467195011
0.9822623788473501 0.9824913483487668 0.9822854927518502 0.9540330906891069 0.9646499439811518 0.9646499439811518 0.5000000699387617 0.9646500837142463 0.9646499440625723 0.9646499439811518 0.9824914872839874 0.9822853546360681 0.8821243099534605 0.5001936038929676 0.9824913483487668 0.9824914872870937 0.9824914862747247 0.982285493574395 0.998497011280041 0.9984881090184741 0.9643705059625484 0.5170632521877583 0.9643705059626051 0.9984145660005705 0.6179903740005777 0.5000018265916047 0.6351154001173656 0.6008690007494514 0.6178650799484731 0.6010415369094948 0.5171250261487627
0.99942207591034 0.9994227817011594 0.9994227828752218 0.9296687936388079 0.9490398182875981 0.9490398182875981 0.5005887631316647 0.9490398195008546 0.9490398182875981 0.9490398182875981 0.99942278291442 0.9994227817011594 0.9991908067310517 0.5001110429685538 0.9994227817011594 0.99942278291442 0.9994182610552416 0.99942278291442 0.9979474940234407 0.9979471081773751 0.9979465171004526 0.5000004039928753 0.9979465470197479 0.9979474940230814 0.963851201380294 0.5500002292555564 0.9638516748821825 0.9638507278792081 0.9636633461990669 0.9641084166401098 0.5000047055776483
0.9999474931347343 0.9999475983614464 0.9998893752276882 0.9974155452207525 0.9999999779777756 0.9999999779777756 0.5000888999463398 0.9999999779777756 0.9999999779777756 0.9999999779777756 0.9999475983614464 0.9999475983614464 0.9999455991100225 0.5060042523065427 0.9999475983614464 0.9999475983614464 0.9999475945026183 0.9999475983614464 0.9862498972403142 0.9862492695066822 0.9862498971924135 0.4999999999442772 0.9862498972206339 0.9862498972403138 0.9886349245498873 0.5154968197762373 0.9886349245597275 0.9886349245400481 0.8886337440431914 0.9886349245400486 0.5000046478547027
0.999999883794205 0.9999999993423898 0.9999424950126649 0.9999999999969299 0.9999999999999523 0.9999999999999523 0.6800878200642326 0.9999999999999523 0.9999999999999523 0.9999999999999523 0.9999999993423898 0.9999999993423898 0.9999978053637109 0.5053372114801946 0.9999999993423898 0.9999999993423898 0.9999999945943595 0.9999999993423898 0.9875902517154366 0.9875895624375982 0.9875902516734784 0.49999999991226246 0.9875902517154352 0.9875902517154352 0.9999829981197528 0.5123974559163808 0.9999829981197538 0.9999829981197552 0.9999817026389957 0.999982998119757 0.5000051009536796
0.9999999326725261 0.9999999999999922 0.999942495670376 0.9999999999997689 0.9999999999999964 0.9999999999999964 0.5000876889031923 0.9999999999999964 0.9999999999999964 0.9999999999999964 0.9999999999999922 0.9999999999999922 0.999999999999992 0.6853380613238637 0.9999999999999922 0.9999999999999922 0.999999999729142 0.9999999999999922 0.9875895704548909 0.9875886376787175 0.9875895704517281 0.4999999999946429 0.9875895704548908 0.9875895704548908 0.9999999738171556 0.5123974556822677 0.9999999738171557 0.9999999738171559 0.9999983942036483 0.999999973817156 0.5000050338691322
0.0016989140414952152 0.7343782280850715 0.0016990141302085913 0.5815930317050373 0.0016989416579787115 0.0016989416579787115 0.9983010583420212 0.5305220435587549 0.001808524890860392 0.0016989416579787115 0.9953957431535736 0.0037923095019104813 0.26562178235569317 0.8663396570192223 0.7343782280852252 0.9975247912994558 0.9983010963980633 0.26562178235448713 0.9892212355286784 0.9892212355302148 0.010778769236562319 0.9892212331468263 0.010778769236645324 0.6900768790122841 0.36635919601126127 0.6336408063725429 0.6124785974621262 0.36732399539788296 0.5000000023829708 0.2336835147512224 0.7663164876318252
0.05212076133188929 0.6542976007695589 0.05212078451494202 0.5912947935932125 0.052163566661597785 0.052163566661597785 0.9478364337150149 0.5340505776004841 0.05224443730515538 0.052163566661597785 0.9446369362023034 0.05447582651268313 0.3457123034281496 0.8010885650345647 0.6542976007695651 0.947316310573688 0.9478891429475897 0.34571230350992 0.9852229805129461 0.9852229805131448 0.014786922677371334 0.9852180289178869 0.01478692267737593 0.6530994721582617 0.3515032005569895 0.6485017510878137 0.6776633855094246 0.29971522345764645 0.5000049514760836 0.15121357422088574 0.848791377556599
0.12931727491487757 0.6761153151966078 0.1293172796880029 0.5850828710380069 0.08965291483298218 0.08965291483298216 0.9103487111102258 0.5291898425989369 0.08969589110850017 0.08965291483298218 0.94770136034688 0.13103411697922224 0.4032673856135502 0.7734079052955181 0.6761153151966078 0.9497272743810105 0.9500654528293165 0.40326741255074405 0.9848017500800325 0.9848012578919555 0.08842697843256163 0.9481870166822313 0.0884269784329239 0.6783042184209541 0.398364242093626 0.6380967991439839 0.698350748345258 0.3542666895820805 0.5364610412135966 0.2163248506862745 0.8202911298808546
0.49648078358653325 0.8773712203875708 0.4964815337583116 0.5515450187403106 0.3928100284301425 0.3928100284301425 0.6912826023034265 0.6028421299385877 0.39281015982123657 0.3928100284301425 0.8838393544920226 0.49648079948687085 0.5033847238770388 0.6923592708741773 0.8773712203875708 0.8733311082994027 0.8842798631669128 0.5033894263728409 0.9008889062338299 0.9007371169818851 0.45248206188476797 0.7241009996323458 0.4524820618857491 0.7416819573574019 0.6142414438997782 0.5137682530185603 0.8488176840084345 0.3804732065908059 0.6280096962558293 0.37229722945783505 0.7613014624961066
0.7506538063351132 0.864942695275605 0.7508135403518998 0.5754275980176631 0.548907173922061 0.548907173922061 0.5556879967278894 0.604682043755697 0.5489079484524526 0.548907173922061 0.8700327345120691 0.7506538063351184 0.7494854881271795 0.5606178885667087 0.864942695275605 0.8700327640619698 0.8700231347074628 0.7557438751215084 0.781524262190566 0.7792683381225002 0.6155598066072239 0.5815587827844614 0.6155598070003208 0.7489625287819918 0.6172251600380051 0.5143214737404744 0.7141330146800168 0.5224427215217711 0.631514776913547 0.5171594624453517 0.6231521583607095
0.944520777810958 0.9450133378018447 0.9445552935864973 0.8179938238629687 0.890893844865904 0.890893844865904 0.5000000685776962 0.8908939818930172 0.8908938449378462 0.890893844865904 0.945013474125043 0.9445551579891868 0.9441580963099053 0.5004233647938465 0.9450133378018447 0.9450134741277878 0.9450134732333648 0.9445552943151297 0.9941449538776725 0.9939716756684179 0.8903557085254103 0.5517927550652316 0.8903557085254469 0.9939391916781373 0.8998183680506269 0.5000017916634606 0.9518391988632325 0.8478011202844293 0.8995059437820795 0.8483655951636158 0.5520208308408165
0.9994269675621167 0.9994271340790626 0.9994271342614063 0.9297805567455188 0.9491515812262467 0.9491515812262467 0.5005606167699536 0.9491515814140506 0.9491515812262467 0.9491515812262467 0.9994271342668672 0.9994271340790626 0.9990148225673222 0.5000600738442417 0.9994271340790626 0.9994271342668672 0.9994260196652728 0.9994271342668672 0.9978710749501574 0.9978695867037735 0.9978703923553724 0.4999993820023522 0.9978703975012723 0.9978705973841646 0.9631969867392465 0.5500000474722894 0.9631970866807275 0.9631968867978912 0.9630650500835047 0.9634413971045734 0.5000016217701857
0.9999995154103838 0.9999995162815439 0.9999989792679205 0.9999761622520443 0.999999999436862 0.999999999436862 0.5000008198054566 0.999999999436862 0.999999999436862 0.999999999436862 0.9999995162815439 0.9999995162815439 0.9999994978420234 0.5000553790062584 0.9999995162815439 0.9999995162815439 0.9999995162637877 0.9999995162815439 0.9998731724821097 0.9998731666718891 0.9998731724743817 0.4999999999886116 0.9998731724744725 0.9998731724745294 0.9998951755227137 0.5001429329330271 0.9998951755227422 0.9998951755226853 0.9998951646344618 0.99989517576798 0.500000042859851
0.9999999999999691 0.9999999999999906 0.8999999999881625 0.9999999999999908 0.9999999999999908 0.9999999999999908 0.5000000000180599 0.9999999999999908 0.9999999999999908 0.9999999999999908 0.9999999999999906 0.9999999999999906 0.9999999999995393 0.5000000010977897 0.9999999999999906 0.9999999999999906 0.9999999999999899 0.9999999999999906 0.9999999974473364 0.9999999974471939 0.999999997447336 0.4999999999999996 0.999999997447336 0.999999997447336 0.9999999999964999 0.5000000025500088 0.9999999999964999 0.9999999999964999 0.9999999999962335 0.999999999996506 0.5000000000010489
0.99999976888889 0.9999999670167786 0.9999280866045603 0.9999999682842056 0.9999999682894545 0.9999999682894545 0.5001098565570141 0.9999999682894544 0.9999999682894545 0.9999999682894545 0.9999999670167786 0.9999999670167786 0.9999999670167764 0.5066717528657985 0.9999999670167786 0.9999999670167786 0.999999958237112 0.9999999670167786 0.9844857815454099 0.8844844656179357 0.984485781464472 0.4999999981445841 0.9844857815454071 0.9844857815454071 0.9999997545772621 0.5154968200777098 0.9999997545772639 0.9999997545772665 0.999997533245368 0.9999997545772702 0.500007086085017
0.014526431331783819 0.0636216949470411 0.014539856141390032 0.7067400677295748 0.014529753145610842 0.014529753145610842 0.9854702468543891 0.5566809540804116 0.020611387405363293 0.014529753145610842 0.961405895069835 0.014526988995090306 0.9363806949317707 0.5245453869428541 0.06362169494771794 0.9854175829611348 0.985474836114979 0.9363795724997216 0.9078291214958888 0.9078316492312892 0.09216889162673433 0.9078313788022774 0.09216895948403876 0.13865769896238855 0.02702756183491902 0.9729742471046716 0.044429971368840505 0.8894799119880504 0.4999990290146401 0.4821510950014482 0.5178479340135304
0.12188018352387577 0.139256140770303 0.1218823652217643 0.6775103974592104 0.12146718830167685 0.12146718830167685 0.8785328293935558 0.5493399590360145 0.1238226788017112 0.12146718830167685 0.8597033670601656 0.12188025302814355 0.8615712151787029 0.5086998564278008 0.13925614077030846 0.8789308590787228 0.8789470455376545 0.8615710882912271 0.8997946214119006 0.8997949087396309 0.1010322291860118 0.8993813397768096 0.10103223603286908 0.2591707306414919 0.10955180131063555 0.8908619528017164 0.1876719768655516 0.7539262952422944 0.5004134221699387 0.42212173074451065 0.5782917066911893
0.16966213733102745 0.17666386728792283 0.16966252683526253 0.6645975220316117 0.16951170050293074 0.1695117005029307 0.8306240904246207 0.5449844496744731 0.17063819884857773 0.16951170050293074 0.8187180532033325 0.16966214776324084 0.823906574163974 0.503503917731265 0.17666386728792302 0.8309072257116437 0.8309105372802669 0.8239088073695849 0.8373222547010244 0.8372811805794149 0.16771981111601839 0.8347704072672731 0.16771981195358665 0.30173872499889687 0.16105314212328936 0.839251465164237 0.22764562097163948 0.7138533667487876 0.5003045655825855 0.4360041134705601 0.5666519322322955
0.529383438635186 0.5490358862064106 0.529384071602848 0.5302478777291684 0.5346033113008215 0.5346033113008215 0.513782037565213 0.5485569797658146 0.5346034193953112 0.5346033113008215 0.5564430617695768 0.5293834492611577 0.5372906154264745 0.5098327796137868 0.5490358862064106 0.5569408478958309 0.5569478455204143 0.5372953979496928 0.91069031308406 0.9105163934027706 0.18402662223712363 0.8632144873796788 0.18402662237680456 0.8571056249869476 0.5003207909547074 0.5195003468558522 0.8372153259529174 0.20224826961801462 0.5198211190897412 0.18684446754901268 0.8370698595898285
0.6016629939473744 0.6044966848138816 0.6017363617150941 0.5752022475250558 0.6131075941324561 0.6131075941324561 0.5026010550787048 0.6157410270786237 0.6131077233022968 0.6131075941324561 0.6069084594581593 0.6016629939473744 0.6010931114763771 0.50154042832325 0.6044966848138816 0.6069026266507183 0.6069123880039904 0.6040806085842533 0.8093248897015402 0.7823090874947638 0.5385274826054627 0.6190139529339964 0.5385275767852844 0.7060711345465155 0.5789756909095658 0.5305232964103626 0.6638287159245397 0.5550332070860187 0.6075889394532774 0.5344587313940037 0.5848470780354769
0.5852562728730396 0.5854602480608547 0.5854606254289055 0.6783684355702093 0.7107686392645421 0.7107686392645421 0.5000003737210119 0.7107693807251005 0.7107686394316682 0.7107686392645421 0.5854609739746017 0.585459878807156 0.5831358421103641 0.500051923420682 0.5854602480608547 0.5854609664278387 0.5854609790575405 0.5854606122769622 0.730007055068401 0.7105265846832365 0.5465903766742001 0.5799326913790235 0.5465903767960544 0.6797750500276095 0.5913596591914981 0.5070752895580894 0.6579521712022218 0.538917717671018 0.5969276434075491 0.5357932623374098 0.5665925043162393
0.5631147281562973 0.5631187551504756 0.5631187583721531 0.8607060257181902 0.8791380266502077 0.8791380266502077 0.5005293577731502 0.8783566249169049 0.8791380266502077 0.8791380266502077 0.563118758425305 0.563118755078291 0.5603519799428186 0.5001068190094168 0.5631187551504756 0.5631187583892128 0.5614168646502414 0.5631187583892128 0.7337800492995161 0.7128489046211012 0.7303282453806433 0.4891467748735526 0.7303283698265173 0.730333203643748 0.8867728724155763 0.5000011480520496 0.8867752893250241 0.8867704555068243 0.7847560357459029 0.8906011792292505 0.5000392196434789
0.8808001082966597 0.8811938348202131 0.8811938347944954 0.8785543433593266 0.91500434450247 0.91500434450247 0.5001272691573573 0.9148164757070127 0.91500434450247 0.91500434450247 0.8811938348202131 0.8811938348202131 0.8772054501124187 0.5015708733490922 0.8811938348202131 0.8811938348202131 0.642043301372018 0.8811938348202131 0.8370705195500424 0.8047536891901355 0.8065864402952535 0.4847016310000006 0.8305013185389123 0.8305013394034549 0.9179336476548493 0.5239151516815388 0.9179336580872397 0.9179336372228906 0.9150261539091558 0.9180334693879862 0.5000088586491822
0.8633649261116488 0.8639055110643351 0.8639055109255397 0.8910049304318443 0.8910049349315357 0.8910049349315357 0.5001744672342809 0.8907472069110535 0.8910049349315357 0.8910049349315357 0.8639055110643351 0.8639055110643351 0.8584344162907076 0.502158509052117 0.8639055110643351 0.8639055110643351 0.5631104785802263 0.8639055110643351 0.8226688707820896 0.7783298248989122 0.7841316480053786 0.47901033632325524 0.8136562338130925 0.8136562338130925 0.9754031822036385 0.529525157498648 0.9754031822044331 0.9754031822057205 0.9714148401549573 0.9755401217352797 0.5000134860837534
0.9924061325074415 0.9926540716485162 0.9926540714662646 0.9999644752940477 0.9999644796057943 0.9999644796057943 0.5000788905725215 0.999846461547048 0.9999644796057943 0.9999644796057943 0.9926540716485162 0.9926540716485162 0.9926540716470846 0.5009924945309653 0.9926540716485162 0.9926540716485162 0.9299859742642916 0.9926540716485162 0.549109704562701 0.5462685588638834 0.5437917849166422 0.49986849937972583 0.5492276850385265 0.5492276850385265 0.9996925062153429 0.5054363433871283 0.9996925062165023 0.9996925062183808 0.9996924870766145 0.9996924996689229 0.5000076228203459
2.9960816165949106e-05 3.331981347612843e-05 0.00017102738762014274 0.5701496581091383 2.995846655025841e-05 2.995846655025841e-05 0.9999700415334497 0.5089293873598284 0.03280903161946642 2.995846655025841e-05 0.868650147616739 2.9960816166402302e-05 0.9999666923957811 0.5000016655168837 3.3325105493211955e-05 0.999970033066441 0.9999700470482142 0.999966688050904 0.9994540007818199 0.9994540168313407 0.0005459864439706044 0.9994540153256404 0.0005459868060592653 0.0005495895833064568 0.00013758651215539018 0.9998624221696017 0.0001377236262253385 0.9995599023235583 0.49999999416698915 0.4999998699380315 0.500000126874961
0.1093502636813947 0.11195474732314611 0.14434140634267983 0.6891305281808575 0.10934447891467503 0.10934447891467503 0.890657779643655 0.5647696005441858 0.11128393667599801 0.10934447891467503 0.8745179486467268 0.10935026368163797 0.8880851727984505 0.5012596367065467 0.11196947949707103 0.8906334112185067 0.8906760163343357 0.8880715326925843 0.867909317357807 0.8680570670882672 0.13195454780061283 0.8680516038795568 0.13195549227066625 0.2689610685227142 0.12778384974777332 0.8722950281891685 0.19502856408749775 0.7456553963647621 0.4999329685320316 0.4327779509842047 0.5671644007503082
0.1592839677892483 0.16019405190582184 0.19068151575525194 0.6759475169490013 0.15932987268040874 0.15932987268040863 0.8410693057240447 0.5594882121145668 0.1601460501073721 0.15932987268040874 0.8314239356435423 0.1592839677892541 0.8404842362484667 0.5004509286153065 0.1601954230680272 0.8414194209333534 0.841423532057617 0.8405134502598038 0.820127165833839 0.8199887918476131 0.18361246661549852 0.8181487539845289 0.18361255538064494 0.3060338965966333 0.17030986845943036 0.8301011419946374 0.23106968469553252 0.7106687908326922 0.5003917179363336 0.4414519769869282 0.5607495235320993
0.48050529689356203 0.48120560597931217 0.5535040532737792 0.5548530491234223 0.4907698783035155 0.4907698783035155 0.5705940483351271 0.5987575310805031 0.4907860105735789 0.4907698783035155 0.620085503981537 0.48050529689356203 0.620864677297768 0.500341749534646 0.4812069795237838 0.6216866667935167 0.6216950717017122 0.620994762730625 0.6726721122492745 0.7152588936786597 0.4010068710208676 0.6569131910069311 0.40100693799877274 0.5634097609605238 0.5301788392430382 0.5406193428922936 0.6110363436693992 0.530400327595974 0.526737992962269 0.4753105112713601 0.5588275456036925
0.49472900071550313 0.4947477910367542 0.5676808914573217 0.5579074625117498 0.5054783032445783 0.505478303244449 0.5609811794794536 0.60292873964187 0.5054784398092884 0.5054783032445783 0.6166870709622299 0.49472900071550313 0.6148690619663009 0.49999425592681535 0.4947499716192386 0.6166816841692061 0.6166942782696344 0.6166780330846312 0.7221839849984366 0.721617082625373 0.47632609892854916 0.6205353916670764 0.4763262575000566 0.6349606294369362 0.5921839259830061 0.5187570758170484 0.6782568078172339 0.5705345117625102 0.5973307120968924 0.5305426344187261 0.5697000466704485
0.559156038332289 0.5591894810872159 0.5592483927112716 0.536563552958517 0.5815211990742171 0.5815211990739257 0.5000459494344078 0.5816014216759026 0.5815214421300611 0.5815211990742171 0.5592403042254075 0.559156038332289 0.5570175785184577 0.4999897767918173 0.5591933620599134 0.5592307168938094 0.559253131665286 0.5592242187309846 0.736891441825466 0.7358870835178745 0.4985141335792621 0.6161490522127018 0.4985144158088507 0.6727378400849587 0.64259827874285 0.4982504773455264 0.7389776498721995 0.5797727721582029 0.6251388318139418 0.5531813161320825 0.5753229463379047
0.5144617258337029 0.5144628263624255 0.5144648877136005 0.5139488279323992 0.5223359963673447 0.5223359963665046 0.4999536461656966 0.5221620926553543 0.5223359963673447 0.5223359963673447 0.5144649481702069 0.5144617258337029 0.5137156282621443 0.5000898392075245 0.5144628263624255 0.5144643979058456 0.5139166012347723 0.5144643979058456 0.949086890679766 0.7238144027717193 0.9148747374370847 0.3872976713637831 0.9148795015649009 0.9149115532941097 0.8946511790339424 0.4970889809946177 0.8975921505059309 0.897560068791379 0.886093538973082 0.9555594160687262 0.49600998055720924
0.8737086670949983 0.873708667095002 0.8737073553586031 0.8580611574258065 0.8985648906883705 0.8985648906794946 0.4783875731358777 0.8654313540861329 0.8985648906883705 0.8985648906883705 0.8737086670950016 0.8737086670950012 0.8717890647824719 0.5001669824236925 0.873708667095002 0.8737086670950013 0.5233476863124277 0.8737086670950012 0.7604381563309337 0.6694335306863021 0.7651430676546764 0.4420352481929022 0.7890676933499422 0.7890833644472032 0.9667208489242093 0.5146777300803905 0.9759938299525684 0.9759781066222996 0.9447749304166552 0.9544909717919133 0.4897338636033434
0.8752352917048145 0.875235291704896 0.8752273272820167 0.8921929651170155 0.8922121631570407 0.8922121629489114 0.47587412255946077 0.8549710114880412 0.8922121631570407 0.8922121631570407 0.875235291704887 0.875235291704878 0.8719659671243506 0.500392759926723 0.875235291704896 0.875235291704878 0.4753736754925485 0.875235291704878 0.7747832064488296 0.6430744080402263 0.7797739921824618 0.4214293554548544 0.8063779145939544 0.8063773899560273 0.9714255544134313 0.5152239753679267 0.9828640364485983 0.9828641754577399 0.969044610632705 0.9692631662594768 0.50000041672461
0.9696677343914017 0.9696677343915241 0.9696397171512834 0.9970261019365068 0.9970930426372713 0.9970930421815833 0.4799549731769781 0.9651133761352678 0.9970930426372713 0.9970930426372713 0.9696677343915241 0.9696677343915241 0.9696675017307463 0.5016956497705473 0.9696677343915241 0.9696677343915241 0.47558378327737455 0.9696677343915241 0.8182880775837883 0.49827048317258704 0.8284513328531266 0.43898234645781126 0.8500322142587249 0.8500307618609314 0.9932419873197217 0.5218553260589281 0.9932421757749517 0.9932424810726841 0.9931247199545952 0.9931762112235913 0.5000011583554758
0.003148340351449938 0.008714365359352367 0.1762570020913245 0.7058551064772043 0.003145316846811143 0.003145316846811143 0.9968546831531888 0.6009862212246588 0.0041864929758819525 0.003145316846811143 0.9900320595044493 0.0031483403520330766 0.9933573517586473 0.49865300835416815 0.008721175170107292 0.9927317754448154 0.9968617795970356 0.9912957545891332 0.599222271203431 0.6005569693536295 0.3994472453436929 0.6005550318061901 0.3994477112823359 0.40113621885411876 0.15628434332161587 0.8438331035556013 0.15642118124769286 0.7187213906115498 0.4998862189127827 0.4998722367756273 0.500017387035957
0.10849496618909232 0.11860513281334001 0.1512186917418605 0.691834227616288 0.10849374519502049 0.10849374519502049 0.8915067315201982 0.5646905113378107 0.11022434662327063 0.10849374519502049 0.8716077852755633 0.10849496618914367 0.885306889194062 0.4972388985375987 0.11860824234184805 0.8836943959742517 0.8915105807490936 0.8814004141248459 0.8645796368502102 0.8663750660321617 0.13362738552918116 0.8663739129095258 0.13372741878457475 0.2702606734937081 0.13025158897926586 0.8698387829373048 0.1974259685913462 0.7435468796196615 0.499912128524517 0.43283040437100734 0.5670837046715079
0.15536891975636843 0.15976994528861305 0.19021261679534518 0.6774783083993784 0.15542755827097365 0.15542755827097363 0.8446704130426195 0.5591871614099886 0.1562522027134719 0.15542755827097365 0.8329599381975339 0.15536891975637115 0.8419964967214967 0.4987478313883024 0.15977058120365903 0.8412575074363671 0.8447101877388168 0.8403091632819626 0.8167881873136222 0.8171995823969682 0.18678486001696232 0.815157459042765 0.18681309722796594 0.31007916733369195 0.17407253863301517 0.8260492765939141 0.23524648792542313 0.7059029750884765 0.5000789491925439 0.4409303197739075 0.561152216468098
0.4756469211763893 0.47963687925584886 0.506007154189158 0.5201636317859543 0.47940711498925054 0.47940711498925054 0.5254059961977792 0.5182960476820431 0.4794093557654334 0.47940711498925054 0.5241696291120145 0.4756469211763893 0.5243400634319756 0.49818372045194426 0.4796369707799074 0.5226477668110082 0.5264590253921282 0.522469067320309 0.8752292373550572 0.9124035118950131 0.09532577720707171 0.9084837618435921 0.09534847380704864 0.14918811789076342 0.2462960373032467 0.7727207147602441 0.27313799193220223 0.7648586222779473 0.48204078075984774 0.4762168649992669 0.5083539780235535
0.49369606260262633 0.49411439781339217 0.502814022592146 0.5054176824193816 0.49450046148818483 0.4945004614881806 0.5064053537758199 0.5052556988252702 0.49450046507910617 0.49450046148818483 0.5062977368214631 0.49369606260262633 0.5062905940515032 0.4997909283989507 0.49411445515111013 0.5060886746148917 0.5065068468975841 0.5060885786106535 0.5055884769348411 0.5254422439126677 0.48131363308007175 0.5219083818938545 0.4813182793577688 0.499141760685338 0.513429926379206 0.5013529523498639 0.5228533802007742 0.5087421635708551 0.4939640924165672 0.49586176103263063 0.49829147274968855
0.5033056885427538 0.5038692978319381 0.5039579799231666 0.5244591678917356 0.5239903488541481 0.5239903488537094 0.5003258028411101 0.5243677445039084 0.5239907147361088 0.5239903488541481 0.5036891707254434 0.5033056885427538 0.5035173759215217 0.49972797731695123 0.5038751400197973 0.5034181052535768 0.503965113665598 0.5034083233017517 0.5904023548703228 0.754246019437621 0.36170007041128716 0.6933800925337158 0.3618086998043303 0.5287983220367951 0.6723430839318718 0.49961368301606196 0.7642344389019917 0.6130221774820452 0.490518316766046 0.5059267709360785 0.48952397087730654
0.5045068412043638 0.5047523898093551 0.5047806052829417 0.5341901439921318 0.5339874555614585 0.5339874555489326 0.4997010966396725 0.5333939726013964 0.5339874555614585 0.5339874555614585 0.5046583028504321 0.5045068412043645 0.5045798933504834 0.49987722581559074 0.5047523898093551 0.504535528547937 0.5011525087218693 0.504535528547937 0.5892362647546628 0.7417880490517357 0.578861687010938 0.5760973162223374 0.5789713240408643 0.5793061011021856 0.8141586460101891 0.4890467751754935 0.8253690990582478 0.824988216507734 0.6056594644362756 0.7141758905591044 0.39770841620887976
0.8265182699752058 0.8267637637675377 0.8267637631181578 0.8539214353218123 0.8537502882604125 0.8537502881288545 0.4823373289199944 0.7673599295572078 0.8537502882604125 0.8537502882604125 0.826641016871394 0.8265182699752459 0.8265620439067232 0.49987725409382977 0.8267637637675382 0.8265182699752505 0.45871378433932375 0.8265182699752469 0.6430367056758204 0.68705460620919 0.6529921435063732 0.4824145227439723 0.6724793320559843 0.6725203030529187 0.979357646390537 0.5119302221633335 0.9869090663477533 0.9868159592980668 0.8097777532766104 0.9071638453169092 0.4292510669278845
0.84800881795538 0.8480088179559593 0.8480088106290757 0.8689705752430146 0.8690849332025224 0.8690849317181578 0.4799637217862384 0.7819429685864218 0.8690849332025224 0.8690849332025224 0.8480088179558957 0.848008817955832 0.847806970151052 0.5000000111697409 0.8480088179559593 0.848008817955832 0.44987042474528305 0.848008817955832 0.7097675769403691 0.6741921386678085 0.7162456161297422 0.44417551405340044 0.7379538357027633 0.7379500940204726 0.9870090319268585 0.5124395402602607 0.9962747448457479 0.996275736249564 0.876960808863466 0.9450329350654083 0.45950297205179486
0.9963176722917434 0.9963176722920589 0.9963176676904897 0.9991410618538185 0.9992014060602818 0.999201405127957 0.4972396624766843 0.9838608181566098 0.9992014060602818 0.9992014060602818 0.9963176722920589 0.9963176722920589 0.9963171977927924 0.5000000070150848 0.9963176722920589 0.9963176722920589 0.05776528219647024 0.9963176722920589 0.9664279297665835 0.8495849838369087 0.9336038297618392 0.48533917289225414 0.9728066704429962 0.9728043205177144 0.9993468895520031 0.5392005933218602 0.9993472738964092 0.9993478965350182 0.9948670486957243 0.9992944442795919 0.5000018665667568
0.011553602733368895 0.037521257909951124 0.16813629190901985 0.7592973229992003 0.01155331484141621 0.01155331484141621 0.9884466851585839 0.5662208687824025 0.015558858167757414 0.01155331484141621 0.8591994213716626 0.011553602733391 0.9253959664885286 0.48798601513416434 0.13669055790056986 0.9634515529792301 0.9884493654333569 0.9624817102567745 0.8642748005251661 0.8785466589407775 0.12141433701968221 0.8785856873538909 0.12141480070048072 0.12302064266122216 0.09858867970269744 0.8969913577879353 0.10341880990639028 0.8464617543524577 0.4999094752478107 0.5041936157566925 0.5002277304443812
0.045770088550862745 0.06746803488603718 0.19229833908895144 0.7484218712016666 0.045770092378365004 0.045770092378365004 0.9542299184068829 0.5655322923547147 0.04788992989006671 0.045770092378365004 0.8351867650042047 0.045770088550862745 0.896941831577538 0.48929658507221574 0.16020077763584142 0.9326775690776673 0.9542299571730387 0.9325320108378643 0.8509663256741341 0.8650974879869392 0.13490187923774388 0.8650981240012926 0.13573287574565993 0.13514772329187313 0.12071786300575924 0.8821909276709144 0.1221318556816231 0.8292103985338958 0.4961636613835908 0.5013150423592063 0.4962138043066831
0.08479933109876564 0.09586626452111519 0.2458834219345696 0.7428973605462343 0.08511924893850072 0.08511924893850066 0.9148903436080607 0.5738279644280516 0.08592029166056017 0.08511924893850072 0.81111036356024 0.08479933109876564 0.8642499616140792 0.494499015159171 0.18666827820242746 0.9041662246994928 0.9152006762262406 0.904133742829147 0.7918002235009562 0.7997924187293511 0.200401637352874 0.7996842893474894 0.2020109596254224 0.20045348018752324 0.17931637120866403 0.823254028760968 0.1797267359026758 0.7677113263390721 0.4972010450981803 0.5005216835214653 0.4971884456797827
0.3726041604629719 0.45855172094810454 0.5314838873556508 0.5771378373308307 0.37591556658048275 0.37591556658048253 0.6241653098396941 0.5456205121141904 0.3759157483695946 0.37591556658048275 0.5752409794302458 0.3726041604629719 0.5801440270815444 0.4573305451552956 0.46680352825968685 0.5417526392655959 0.6273958742396891 0.541448313867734 0.46797997637842487 0.6936033849988967 0.31017701364981326 0.6916090540278779 0.3211421759629958 0.3106412314560275 0.5501793451469681 0.5519520554872124 0.5543831936301704 0.6637422261747897 0.3974355856189525 0.506359610043431 0.39632602151830887
0.4191944147428553 0.4496914094930477 0.5221769073421761 0.5513460175827442 0.42258859417070527 0.4225885941245377 0.5795543826693161 0.5426456231769969 0.42258865672450885 0.42258859417070527 0.5655580164085006 0.4191944147428553 0.5655582939304404 0.4847515038685121 0.4496919813362622 0.5503100959337102 0.5808065671127368 0.5503100946901016 0.5003832994910667 0.6981943747861988 0.39590247996114414 0.6480126043731232 0.4001674436175025 0.3961354558009652 0.6572784949475226 0.5225187455932647 0.6666577858222833 0.7284421177065731 0.4614147441246793 0.5752601158332 0.38762858483100116
0.49210073657070996 0.5106452086700886 0.5020802009233454 0.5182982879148607 0.5053194083281735 0.5053194082155109 0.5083657612326711 0.513636016757141 0.5053195282203744 0.5053194083281735 0.501378314474299 0.49210073657070996 0.5013788480607233 0.4907277669669695 0.5106463071820154 0.4921071880082526 0.5105476078228735 0.4921071849915938 0.4852125340464945 0.7181847152633583 0.4084544061791477 0.65102261419354 0.41276056448241527 0.4086632477402867 0.7350560348406003 0.49795037149885985 0.7478580877249921 0.7678202409294326 0.4758869562128806 0.6103756339803482 0.36639179692699236
0.494779531667493 0.5142679839149118 0.5061785630739593 0.5212977693640316 0.5107649672404231 0.5107487252235059 0.5069857690040933 0.5157582599110351 0.5107649672404231 0.5107649672404231 0.5045243288369894 0.494779531667493 0.5045243264657284 0.49025577387632324 0.5142679839149155 0.4947801027133001 0.5084878019218967 0.49478010271326744 0.4941606253570723 0.6312070741363732 0.4881996993796096 0.568206005107841 0.4934672163201211 0.48924920668601707 0.7755840971134275 0.38079704130073233 0.8954847726400552 0.8953552727081665 0.6079809809214447 0.7083914465126122 0.4174023515782513
0.7815244759653509 0.7955977877019943 0.7935552472030456 0.7038411501242032 0.7992314317364738 0.7992124173057034 0.43260245223267 0.595138366103966 0.7992314317364743 0.7992314317364738 0.7885611318376079 0.7815244759653509 0.788561121528108 0.49296334413813053 0.7955977877027324 0.7815244759732525 0.22392103534966623 0.7815244759668003 0.6821844423807395 0.686049727212673 0.7420241060553615 0.42920737717297675 0.7682554686296422 0.7669218150792757 0.9884611925318408 0.5142928240852974 0.9987585898369822 0.9987529797508309 0.7628068384440162 0.891466400034402 0.40490839801579104
0.8095611883571461 0.8142713203145888 0.814271320111536 0.7224718980801305 0.8345632365291776 0.8342224297159493 0.418878099284964 0.6141241465715961 0.8345632365291776 0.8345632365291776 0.8119162543358676 0.8095611883571461 0.8119151785992126 0.4976449340212793 0.8142713203145888 0.8095611883571461 0.1992736494463287 0.8095611883571461 0.7637078829286541 0.6497205536333932 0.8174966065998291 0.3705903010749946 0.8497313126004603 0.8483556400083375 0.985609110574902 0.5152522352857041 0.997066974383736 0.9970687362933719 0.8493337648058795 0.9349173523983789 0.45054906212624635
0.9809885693957211 0.9809885693957214 0.9809885693893863 0.9313215371010533 0.99674819362241 0.9961712716290257 0.34072140590450595 0.7834068643307204 0.99674819362241 0.99674819362241 0.9809885693957214 0.9809885693957214 0.9809861473740126 0.5000000000000094 0.9809885693957214 0.9809885693957214 0.031088867934899272 0.9809885693957214 0.8466192479261945 0.22994425984043304 0.9686182887184333 0.11829826330352167 0.9885165212920239 0.9871973483946882 0.9991333093037349 0.5136648046602328 0.9991354891354509 0.9991394331187096 0.9823353122375442 0.9990834859458289 0.5004281695035873
0.0012007517842324191 0.030509037456167933 0.6830365838648303 0.8701861060233663 0.0012027399579609822 0.0012027399579609822 0.9987972600420391 0.5285040274626174 0.0012287593183846418 0.0012027399579609822 0.2758442213870863 0.0012007517842602135 0.6309412795560193 0.4853458844515358 0.7369167059340141 0.96949101189023 0.998799270274662 0.9694909846027266 0.8469318320570294 0.8598488851252568 0.12992486987135857 0.8700751645352744 0.12992564517063704 0.12992527626784545 0.4022006429961206 0.38484472079438325 0.6152951065268011 0.7459536023138535 0.49986265834199745 0.7130941218038913 0.4998628135219697
0.02069003012547533 0.2544671369408795 0.6602639896870584 0.7551828240615093 0.020690065840692596 0.020690065840692596 0.9793099459714396 0.5251722817138879 0.02069045031586176 0.020690065840692596 0.3991527753826208 0.02069003012547533 0.6310087633715639 0.3831114468422893 0.7172924442076545 0.7455328639722362 0.9793099705376491 0.7455328637222449 0.6373922419068455 0.8588279576936265 0.13366643373462525 0.8663335666153291 0.1413465861964748 0.13368609959258437 0.39231217779259797 0.4260925246242894 0.5787312054900365 0.7298102010730456 0.49568223530871774 0.6864011960491527 0.49569206754191203
0.07477943606453864 0.3035406715278534 0.630767389183085 0.7248452912449076 0.07486204629000323 0.07486204629000323 0.9251406968760182 0.5206319725925318 0.0748620567814388 0.07486204629000323 0.4276224686652509 0.07477943606453864 0.6192448085395094 0.38561938227239523 0.686730949053598 0.6964593295768031 0.9252205650238342 0.6964593295727506 0.5908333564695994 0.8071458842098473 0.18798019966791799 0.8120419147316533 0.19417246493566498 0.18798086654549273 0.4128775224859617 0.45379375637004143 0.5592667411726997 0.6866683039664192 0.4870856943986384 0.6466283470736256 0.4870802936331899
0.08407550158826949 0.864306064280729 0.8913371184979054 0.5222739832495175 0.0841667113264217 0.08416671132642169 0.9158357571934401 0.5172359860621769 0.0841667175004153 0.0841667113264217 0.5255507649331748 0.08407550158826949 0.5256948449689458 0.10988471865570859 0.8645348095247314 0.13569393624762477 0.9159244989322959 0.13569393624568643 0.21979171666611352 0.8139160515387743 0.18618839941203763 0.8138609671216456 0.19045253323254022 0.18618888555132368 0.8122604085959391 0.5055813699114793 0.8121458997407183 0.8178409772071774 0.18507283617693346 0.5001783220751113 0.18503975166100792
0.12769759959061364 0.816819516477636 0.8491606265109096 0.5217566153735881 0.14528379867477825 0.14528379867230062 0.854833670770294 0.5194885751510866 0.1452838003718843 0.14528379867477825 0.5277414513261125 0.12769759959061364 0.5277414592811014 0.15543904157223268 0.8168195320848485 0.18318050866481228 0.8723024112626764 0.1831805086490684 0.1505578934715704 0.9035645404334879 0.11710353636515529 0.8928173095641224 0.11992383262152052 0.11710456577423327 0.7994899323889046 0.501432593013855 0.8009456822305309 0.8032446778519134 0.22871167668871042 0.5143625822035595 0.21411413526786918
0.14786801762726023 0.852136813919779 0.8451055816022578 0.5032700603026603 0.16878284719891243 0.16878284718672854 0.8327227690174178 0.5015032018679656 0.1687828555446816 0.16878284719891243 0.5000027310866209 0.14786801762726023 0.5000027702064518 0.14786560193116338 0.8521368906705478 0.14786841055171074 0.8521320357453936 0.14786841047428798 0.1266249972495445 0.9305592623151719 0.09222098334409119 0.9187595577964063 0.09532033613984205 0.09222296230511919 0.8256829860263473 0.5015088854269485 0.8272804634988978 0.8296723040198533 0.20766474285875747 0.5169302984471336 0.19047872229547463
0.461245605053369 0.5710409581225768 0.5694026558073748 0.48480426960723305 0.46537546436984295 0.4592324145252192 0.5382159519485092 0.4843841502287822 0.46537546436984295 0.46537546436984295 0.5161432875160493 0.461245605053369 0.5161432875160479 0.4451023234653976 0.571040958122577 0.46124561098144623 0.5387543954889905 0.4612456109814448 0.04464468313073818 0.9651604208946931 0.03735994980679861 0.9619932082819865 0.041103291395632624 0.0404391659387621 0.9743064270746037 0.5001360464144609 0.974676034759842 0.9747015191706128 0.042071866727118254 0.5080037914209157 0.03390042429151492
0.5126073908357538 0.9548003427217671 0.9511863984360873 0.40379848023155124 0.5259657880240829 0.5107941679443679 0.5477780844861926 0.3593672851172506 0.5259657880240829 0.5259657880240829 0.7337038667788613 0.5126073908357538 0.7337038667787052 0.2789035240571589 0.9548003427217858 0.5126073908359565 0.48745811135190925 0.5126073908357909 0.38785928462102537 0.6743013923847353 0.35360255597134843 0.6134494474129136 0.42469545530148023 0.42151933320510054 0.9323679595747559 0.5052456808822653 0.932966619437722 0.9329665521907684 0.4059053842889265 0.674370885768744 0.2426144462954896
0.8778494385091529 0.9216338923438618 0.9216338923238657 0.36039306920885705 0.9032215944663805 0.8696186141367066 0.23625457096967703 0.2887158893196082 0.9032215944663805 0.9032215944663805 0.8997416654265072 0.8778494385091529 0.8997416654265072 0.4781077730826456 0.9216338923438618 0.8778494385091529 0.12263591836395071 0.8778494385091529 0.6966438591580983 0.43055487616307925 0.6426160767115936 0.3045228813804799 0.7838257514725153 0.7702072045358813 0.8978767040804643 0.5073939680330153 0.9007853292204949 0.9007854437097023 0.7529049782642839 0.8334301128464008 0.4381510380519584
0.9932987426950726 0.9932987426950726 0.9932987426923281 0.4987264615199137 0.9992948312569973 0.9656480852948157 0.25841038620851414 0.19261104968556386 0.9992948312569973 0.9992948312569973 0.9932987426950726 0.9932987426950726 0.9932987426950726 0.500000000000004 0.9932987426950726 0.9932987426950726 0.007926782793488272 0.9932987426950726 0.8476904586461258 0.47697294028944875 0.7882145390558858 0.137685093204959 0.9303105880859308 0.9131652451533881 0.9141033741764879 0.5090895990085177 0.9141039938060772 0.9141051179283072 0.7758139480363658 0.9140907314805824 0.501604602780078
7.713217575690314e-05 0.037158544026500956 0.5445765782104914 0.9359398687071676 0.00012649336698458894 0.00012649336698351317 0.9998735066330283 0.5271169675771002 0.00012649344942289369 0.00012649336698458894 0.07944975210691674 7.713217575690849e-05 0.5304177162780237 0.48145929407463334 0.9390944557726348 0.9628449662257266 0.9999263780764627 0.9628449662257215 0.9300550011237142 0.9520394510081482 0.03764921382619791 0.9623555202155453 0.03767655313170663 0.0376492138267826 0.5017724151271745 0.1137605074496901 0.8880989153577217 0.8881583175847477 0.49820765796564725 0.8863318465190632 0.49820292392414645
0.0009458387145023349 0.3149916802746272 0.8675091500019284 0.7924601624928309 0.0009465585788141543 0.0009465585788141543 0.9990535565043576 0.5353624423175583 0.0009465585788146014 0.0009465585788141543 0.23717953274713433 0.0009458387145023349 0.5396053892043535 0.3429770792199376 0.9198433931886211 0.6850083248812882 0.9990541664414129 0.6850083248812882 0.6454035839095468 0.9403695207868917 0.04818300289249228 0.9518170000643407 0.060239019226440295 0.04818300289249404 0.5102442145059539 0.2437971600440293 0.7676293249470628 0.7676508747218922 0.4897558651761263 0.7574066921539642 0.4897558604834825
0.000605162747700341 0.36344036081969583 0.8638238681526929 0.7785126542645008 0.0009981006419159087 0.0009981006418257536 0.999002100961857 0.535354957195702 0.000998100641918239 0.0009981006419159087 0.2612335370036928 0.000605162747700341 0.5396055273871547 0.31858240096400225 0.9201843415844762 0.6365599187335472 0.9993951065592397 0.6365599187335472 0.5999770582749725 0.9418476269989986 0.04698517696271591 0.9531184292181736 0.06372301873753257 0.04698517807653678 0.546288947290796 0.26828255967632497 0.7787432212340284 0.7796591062319594 0.45384237921107157 0.733604910575831 0.4537767335255117
0.03067902410345589 0.8889205268287658 0.9207676955893318 0.5372787048691743 0.031032576108249478 0.031032576108205277 0.9689675028477742 0.5239157249506858 0.031032576108250765 0.031032576108249478 0.5390105376329264 0.03067902410345589 0.5396054361613685 0.07087924863734507 0.8901103238845984 0.11107958332662986 0.9693210810278786 0.11107958332662986 0.0720283902854781 0.9564507793119145 0.04412630432777881 0.9561361097881313 0.054112654583788 0.04412630487391819 0.829000122368423 0.5063555279756145 0.8287709884481652 0.8295939982492446 0.17150681404010068 0.5009972620068388 0.17125335122999086
0.060549669049403475 0.870985267333321 0.8976414452600684 0.5312667131720485 0.08017809093902087 0.08017809059111287 0.9198503562738547 0.5215519066770974 0.08017809093902094 0.08017809093902087 0.5342328696859593 0.060549669049403475 0.5342331686268389 0.09478220085804125 0.8709858652149438 0.12901566842569143 0.9394506814893081 0.12901566842569143 0.0698795757150618 0.9546279746003924 0.04584179307660939 0.9543718650885699 0.055346802118347284 0.045841799647836856 0.8458299828840112 0.5013902310124748 0.8488865662491585 0.8494206811047627 0.1635101979407671 0.5039488004698635 0.15884026352771902
0.05370721273957885 0.9463474146610573 0.733406084222748 0.6057009560622975 0.07126377727119597 0.07126377571214855 0.9287917898613609 0.5000294041935829 0.0712637772711964 0.07126377727119597 0.5000274132337659 0.05370721273957885 0.5000287528494992 0.05367989903926083 0.9463500938919133 0.05370999150418795 0.9462943580966814 0.05370999150418795 0.028840260065375913 0.9910612698484116 0.009537799272835715 0.9907272143167417 0.11730680231882784 0.00954861758408481 0.9013639106197489 0.501619287747725 0.9042526301601683 0.9049125378638931 0.1080469145281056 0.5040248293324838 0.10334214199406774
0.2573037324385318 0.9300429925505707 0.9127912577882566 0.4142238748144181 0.2792187601622967 0.23449293672827354 0.7435036188665703 0.40688285323104595 0.2792187601622983 0.2792187601622967 0.5936733624947363 0.2573037324385318 0.5936733624948434 0.16363036994398059 0.9300429925507749 0.25730373243892624 0.742696385037384 0.25730373243892624 0.15108203445985108 0.8648859514238956 0.10688267555779288 0.8645640585869467 0.13861302487407248 0.12953642011234104 0.9308314712276664 0.5025125790531583 0.9344415215036295 0.9352632704121396 0.14171479688417654 0.5341027061738485 0.10545115836053762
0.485326307741919 0.9558183312642232 0.9507307216396668 0.35996370109923753 0.49955839259500984 0.479307678888766 0.5468341811010677 0.3128138397951668 0.4995583925950435 0.49955839259500984 0.720572319507051 0.485326307741919 0.7205723195093543 0.2647539882388478 0.9558183312686153 0.4853263077503981 0.5150272185535282 0.4853263077503981 0.34698726199866253 0.6390932120984759 0.30836700165518727 0.6139371072733498 0.38748704256220845 0.3812899942442738 0.9283519381958785 0.5005720993485215 0.9297425094802404 0.9297426800887847 0.36460778296835367 0.6519131437584293 0.22492166870446303
0.8857630136738915 0.9385078318391262 0.9385078307457968 0.2474714368083109 0.9110360554729193 0.8614963259418384 0.18117484300980463 0.170720704870588 0.9110360554729193 0.9110360554729193 0.9121354227574283 0.885763013673893 0.9121354227561174 0.4736275909189173 0.9385078318392426 0.8857630136758249 0.11686358897782222 0.8857630136743139 0.6590575712609558 0.2830749971085721 0.5822647669227661 0.24081677210411112 0.7680815830264045 0.7394427070439613 0.8829019654915322 0.49323098484064753 0.8896725366425582 0.8896749718447672 0.7253938467350332 0.8120450381029264 0.4353977704333422
0.9993101700710043 0.9993101700816043 0.9993101700743996 0.030283400551550776 0.9995066154534518 0.7571068616702443 0.1506409852753191 0.016650483526206537 0.9995066154534518 0.9995066154534518 0.9993101700810544 0.9993101700710122 0.9993101700742825 0.500000000002628 0.9993101700822061 0.999310170080992 0.0012925546581950811 0.9993101700731861 0.536171389689626 0.023454322595662082 0.5818189607443204 0.015656409701353888 0.9864836894127537 0.9165779204507737 0.9807770879181239 0.5000001733387082 0.9807781569507465 0.980780097504393 0.9767885168398636 0.980763950382016 0.5808065712107582
2.3722343052423798e-08 0.0003080772127728947 0.9955207533413483 0.8249546200375473 4.865486138558467e-08 4.8654861384553004e-08 0.9999999513451386 0.503944549263531 4.8654865013709924e-08 4.865486138558467e-08 0.00015405685344691418 2.372234305242892e-08 0.5000000035313966 0.49984597325478514 0.9999999705676123 0.9996919234636014 0.9999999769540312 0.9996919234636014 0.9324555079410682 0.99594664555862 0.00010880714344615456 0.9998911938392425 0.00010881776771577631 0.00010880714344622803 0.5000015316725029 0.001282592806028735 0.9987189742612717 0.9987189886548021 0.4999984631375204 0.9987174436542802 0.4999984621548318
3.9052002807922485e-05 0.3383955159322119 0.8933699858699842 0.792126372086685 4.4231765653067535e-05 4.423176565165358e-05 0.9999576356292952 0.5141560013385822 4.423176912688585e-05 4.4231765653067535e-05 0.16921842247374727 3.9052002807929506e-05 0.5000006850141558 0.33082176803530505 0.9999600405782257 0.661604715372471 0.9999611793011065 0.6616047153724641 0.6614651077886735 0.9762750837823013 0.009571196224798796 0.9904290106942935 0.025086599315522783 0.00957119623855122 0.5179981504753529 0.21634488103728852 0.803669091279854 0.8037304735116209 0.48200297122144664 0.7857319856528749 0.4820027183484732
0.00030422572553945044 0.4025555888996772 0.8900573350915848 0.7754775005203263 0.0007894498556507463 0.0007894498553953739 0.9992109302687685 0.5141247146478043 0.0007894498556620628 0.0007894498556507463 0.20142996865744456 0.00030422572553945044 0.5000002950193392 0.2988743184129313 0.9996962416165392 0.5974449397907016 0.9996962758518921 0.5974449397907016 0.6008102209606824 0.9774974405042727 0.008378394298422 0.9916216888213097 0.029049506690179177 0.008378397245763895 0.557463507492442 0.2485026903523405 0.8098974188633491 0.811030424953998 0.442537097971311 0.7535672413333462 0.4425368214678649
0.0025801591494315963 0.9971520912305794 0.9950547493941262 0.6067819124356241 0.0026490002529947878 0.002649000252961353 0.9973510390694823 0.5000004023169952 0.002649000252996269 0.0026490002529947878 0.4998661315360758 0.0025801591494315963 0.5000000305186587 0.002714033959426138 0.9974198891950268 0.002847963460308588 0.9974198927366558 0.0028479634603085853 0.06827410140965451 0.9355346613682723 0.06446509960397374 0.9355349622197504 0.08766080603896995 0.06446509990889232 0.5447414040824311 0.5007746495951626 0.5447301689021632 0.5448748634347196 0.455260799033 0.5001335460780242 0.45525970018777845
0.037588139966460245 0.9624118867969855 0.9487411547809059 0.5134800563750608 0.05489780204633177 0.05489780201334922 0.9451022489959671 0.500000059456626 0.05489780204633179 0.05489780204633177 0.5000000152815458 0.037588139966460245 0.5000000408039449 0.037588126584737355 0.9624119378417685 0.03758819291107384 0.9624118897258531 0.03758819291107384 0.022255909747646047 0.9969146952868775 0.003085364057458464 0.9969146653153017 0.011205963698917099 0.00308536462756431 0.9024232501034688 0.5055143539091715 0.8016521747039087 0.9024233532054171 0.09757737984357173 0.5000001976359262 0.09757707817959056
4.385227927130221e-05 0.9999562033104724 0.99768955435462 0.5014439069093763 6.272750406249737e-05 6.272750238952478e-05 0.9999372749709511 0.49999997578569577 6.272750406249863e-05 6.272750406249737e-05 0.5000000278912371 4.385227927130221e-05 0.5000000291858024 4.382448439945892e-05 0.9999562058996021 4.385496476681118e-05 0.9999561492268032 4.385496476681118e-05 0.10004668394195138 0.999999599516879 3.922786173827009e-07 0.9999995982640237 4.1645523482941214e-06 4.0298737527199566e-07 0.9998642532157793 0.572408637283265 0.9998638468799717 0.9998642587220627 0.0001357618027638629 0.5000000099199315 0.00013575491159374935
0.1855429566873394 0.9623378999794039 0.9477501944659299 0.434173969766637 0.3204481445625607 0.2878347212783467 0.6962908914305954 0.42680739429719416 0.32044814456257775 0.3204481445625607 0.5739404283347411 0.1855429566873394 0.5739404283355658 0.11160252835396782 0.9623378999809553 0.18554295669030935 0.814457528333319 0.18554295669030932 0.11033592307058274 0.9018762930566953 0.0763642898450688 0.9018666115330598 0.10135716231365761 0.09317451937595846 0.9483845379617477 0.5063243357429789 0.947284910767531 0.9483859282385632 0.09633435466240338 0.5223603631229281 0.0740075657220332
0.46518290681562013 0.9605156139552393 0.9544535234043422 0.31673859272225496 0.48122753602658025 0.45747385266944834 0.5453407546762182 0.2877171623801528 0.48122753602712465 0.48122753602658025 0.7128492604292023 0.46518290681562013 0.712849260455555 0.2523336464301913 0.9605156140048221 0.4651829069105381 0.5348174905530306 0.4651829069105372 0.34501593430712013 0.6618205625447195 0.2732758637106895 0.6335701262623925 0.3667232558180319 0.35725831244901 0.9254938403805036 0.5028440804414201 0.925493219017549 0.9254949500301297 0.3371237322538884 0.638370422077206 0.21402695181678733
0.9718452719048587 0.9874733298881025 0.9874733287391801 0.033926405090547514 0.9790768816051363 0.9510315214513587 0.041749238252247314 0.021182380478834733 0.9790768816051363 0.9790768816051363 0.9796593008977259 0.9718452719048608 0.9796593008959507 0.4921859710104564 0.9874733298882604 0.9718452719074769 0.028160874641026346 0.9718452719054308 0.6866620118136505 0.24553693850304165 0.5868527117667239 0.23309592106477095 0.7669133611275003 0.7550184964745255 0.6030393318896452 0.49998986033263376 0.6030505747114316 0.6030522618835346 0.5562844180688329 0.5827658922691628 0.4809469333191826
0.9999995883169468 0.9999995883169512 0.9999995883169482 0.002086655088303176 0.99999961912432 0.8957598806395985 0.053176670219644714 2.421318929631864e-05 0.99999961912432 0.99999961912432 0.999999588316951 0.9999995883169468 0.9999995883169482 0.5000000000000011 0.9999995883169517 0.999999588316951 4.4598157566726876e-07 0.9999995883169477 0.9931596734734709 0.005680230940411278 0.531166100998402 0.00362743489723394 0.9963726204187763 0.8562202191835313 0.9938273616806097 0.5000000003400655 0.9938273660813509 0.9938273740109489 0.9928009635000632 0.9938270932381715 0.5001871325953579
